00000000000000000000000000000000000000000000000000000000000000000000000000000000000000000000000000000000000000000000000000000000000000000000000000000000000
00000000000000000000000000000000000000000000000000000000000000000000000000000000000000000000000000000000000000000000000000000000000000000000000000000000000
00000000000000000000000000000000000000000000000000000000000000000000000001111111111111100000000000000000000000000000000000000000000000000000000000000000000
00000000000000000000000000000000000000000000000000000000000010011111111111111111111111111111010000000000000000000000000000000000000000000000000000000000000
00000000000000000000000000000000000000000000000000000000000111111111111111111111111111111111111111110000000000000000000000000000000000000000000000000000000
00000000000000000000000000000000000000000000000000000011111111111111111111111111111111111111111111111000000000000000000000000000000000000000000000000000000
00000000000000000000000000000000000000000000000001111111111111111111111111111111111111111111111111111111111000000000000000000000000000000000000000000000000
00000000000000000000000000000000000000000001111111111111111111111111111111111111111111111111111111111111111101000000000000000000000000000000000000000000000
00000000000000000000000000000000000000000011111111111111111111111111111111111111111111111111111111111111111111111000000000000000000000000000000000000000000
00000000000000000000000000000000000000000111111111111111111111111111111111111111111111111111111111111111111111111111000000000000000000000000000000000000000
00000000000000000000000000000000000001111111111111111111111111111111111111111111111111111111111111111111111111111111110000000000000000000000000000000000000
00000000000000000000000000000000000001111111111111111111111111111111111111111111111111111111111111111111111111111111111110000000000000000000000000000000000
00000000000000000000000000000000111111111111111111111111111111111111111111111111111111111111111111111111111111111111111111100000000000000000000000000000000
00000000000000000000000000000001111111111111111111111111111111111111111111111111111111111111111111111111111111111111111111111000000000000000000000000000000
00000000000000000000000000001111111111111111111111111111111111111111111111111111111111111111111111111111111111111111111111111110000000000000000000000000000
00000000000000000000000000111111111111111111111111111111111111111111111111111111111111111111111111111111111111111111111111111111100000000000000000000000000
00000000000000000000000111111111111111111111111111111111111111111111111111111111111111111111111111111111111111111111111111111111111100000000000000000000000
00000000000000000000001111111111111111111111111111111111111111111111111111111111111111111111111111111111111111111111111111111111111110000000000000000000000
00000000000000000000011111111111111111111111111111111111111111111111111111111111111111111111111111111111111111111111111111111111111111100000000000000000000
00000000000000000011111111111111111111111111111111111111111111111111111111111111111111111111111111111111111111111111111111111111111111110000000000000000000
00000000000000000001111111111111111111111111111111111111111111111111111111111111111111111111111111111111111111111111111111111111111111110000000000000000000
00000000000000000011111111111111111111111111111111111111111111111111111111111111111111111111111111111111111111111111111111111111111111111000000000000000000
00000000000000000011111111111111111111111111111111111111111111111111111111111111111111111111111111111111111111111111111111111111111111111000000000000000000
00000000000000000111111111111111111111111111111111111111111111111111111111111111111111111111111111111111111111111111111111111111111111111000000000000000000
00000000000000000111111111111111111111111111111111111111111111111111111111111111111111111111111111111111111111111111111111111111111111111100000000000000000
00000000000000011111111111111111111111111111111111111111111111111111111111111111111111111111111111111111111111111111111111111111111111111111000000000000000
00000000000001111111111111111111111111111111111111111111111111111111111111111111111111111000001111111111111111111111111111111111111111111111110000000000000
00000000001111111111111111111111111111111111111111111111111111111111111111111111111110000000000011111111111111111111111111111111111111111111111110000000000
00000000011111111111111111111111111111111111111111111111111111111111111111111111111100000000000000111111111111111111111111111111111111111111111110000000000
00000000011111111111111111111111111111111111111111111111111111111111111111111111111100000000000000011111111111111111111111111111111111111111111111000000000
00000000111111111111111111111111111111111111111111111111111111111111111111111111111000000000000000111111111111111111111111111111111111111111111111100000000
00000000011111111111111111111111111111111111111111111111111111111111111111111111111100000000000000111111111111111111111111111111111111111111111111000000000
00000000011111111111111111111111111111111111111111111111111111111111111111111111111110000000000001111111111111111111111111111111111111111111111111000000000
00000011111111111111111111111111111111111111111111111111111111111111111111111111111111100000000111111111111111111111111111111111111111111111111111110000000
00000111111111111111111111111111111111111111111111111111111111111111111111111111111111111100011111111111111111111111111111111111111111111111111111111000000
00000011111111111111111111111111111111111111111111111111111111111111111111111111111111100000000111111111111111111111111111111111111111111111111111111000000
00000011111111111111111111111111111111111111111111111111111111111111111111111111111100000000000000011111111111111111111111111111111111111111111111111000000
00000011111111111111111111111111111111111111111111111111111111111111111111111111111000000000000000011111111111111111111111111111111111111111111111110000000
00000000111111111111111111111111111111111111111111111111111111111111111111111111111000000000000000001111111111111111111111111111111111111111111110000000000
00000000000111111111111111111111111111111111111111111111111111111111111111111111111000000000000000001111111111111111111111111111111111111111111000000000000
00000000000111111111111111111111111111111111111111111111111111111111111111111111110001000000000010001111111111111111111111111111111111111111111000000000000
00000000000000111111111111111111111111111111111111111111111111111111111111111111110011100000000010001111111111111111111111111111111111111111000000000000000
00000000000000111111111111111111111111111111111111111111111111111111111111111111110011100000000111001111111111111111111111111111111111111111000000000000000
00000000000000011111111111111111111111111111111111111111111111111111111111111111100111110000001110001111111111111111111111111111111111111110000000000000000
00000000000000001111111111111111111111111111111111111111111111111111111111111111101111110000001111001111111111111111111111111111111111111100000000000000000
00000000000000000001111111111111111111111111111111111111111111111111111111111111001111110000001111001111111111111111111111111111111111000000000000000000000
00000000000000000000011111111111111111111111111111111111111111111111111111111111001111100000001111001111111111111111111111111111111110000000000000000000000
00000000000000000000000111111111111110011111111111111111111111111111111111111110001111100000000111101111111111111111111111111111111000000000000000000000000
00000000000000000000000011111111110000000000000001111111110000000000011111111110001111000000000111100111100000000111100001110000000000000000000000000000000
00000000000000000000000000000000000000000000000000000111000000000000001111111110011111000000000111100100000000000000000000000000000000000000000000000000000
00000000000000000000000000000000000000000000000000000000000000000000000011111110111111000000000111100100000000000000000000000000000000000000000000000000000
00000000000000000000000000000000000000000000001110000000000000000000000011111100111111000000000111100100000000000000000000000000000000000000000000000000000
00000000000000000000000000000000000000000000000000100000000000000000000001111101111111100000000111100100000000000000000000000000000000000000000000000000000
00000000000000000000000000000000000000000000000001100000000000000000000000111001111111100000000111100000000000000000000000000000000000000000000000000000000
00000000000000000000000000000000000000000000000010000000000000000000000000110011111111100010000111100000000000000000000000000000000000000000000000000000000
00000000000000000000000000000000000000000000000100000000000000000000000001100011111111100000001111100010000000000000000000000000000000000000000000000000000
00000000000000000000000000000000000000000000001000000000000000000000000000000111111111100000001111100010000000000000000000000000000000000000000000000000000
00000000000000000000000000000000000000010100000000000000000000000000000000000111111111110000001111100010000000000000000000000000000000000000000000000000000
00000000000000000000000000000000000000011100000000000000000000000000000000000111111111110000001111000010000000000000000000000000000000000000000000000000000
00000000000000000000000000000000000000000000001100000000000000000000000000001111111111110000001111000000000000000000000000000000000000000000000000000000000
00000000000000000000000000000000000000000000001001100000000000000000000000111111111111110000001111000100000000000000000000000000000000000000000000000000000
00000000000000000000000000000000000000000000001011100010000000000000000011111111111111110000001111100110000111100000000000000000000000000000000000000000000
00000000000000000000000000000000000000000001001111111100000000000000101111111111111111110000011111100110011111000000000000000000000000000000000000000000000
00000000000000000000000000000000000000000000111111111100000000000000111111111111111111111000011111101111111100000000000000000000000000000000000000000000000
00000000000000000000000000000000000000000000011111111000000000000000011111111111111111111000011111101111110000000000000000000000000000000000000000000000000
00000000000000000000000000000000000000000000000111110000000000000000001111111111111111111000011111111111000000000000000000000000000000000000000000000000000
00000000000000000000000000000000000000000000000001110000000000000000001111111111111111111000011111111100000000000000000000000000000000000000000000000000000
00000000000000000000000000000000000000000000111000111000000000000000011111111111111111111000011111111100000111000000000000000000000000000000000000000000000
00000000000000000000000000000000000000000000001111111111111000001000011111111111111111111000011111111000011110000000000000000000000000000000000000000000000
00000000000000000000000000000000000000000000000011111111111100011100011111111111111111111000011111111101111000000000000000000000000000000000000000000000000
00000000000000000000000000000000000000000000000000000000011100011100011111111111111111110000001111111000000000000000000000000000000000000000000000000000000
00000000000000000000000000000000000000000111111111100000001100011100011111111111111111100111100111100011110000000000000000000000000000000000000000000000000
00000000000000000000000000000000000000000011100001110011011100011100011111111111111111110011110000000111110000000000000000000000000000000000000000000000000
00000000000000000000000000000000000000000011100000111000001001111111101111111111111111110011110000000111110000000000001111100000000000000000000000000000000
00000000000000000000000000000000000000000011100000111000000000110000001111111111111111110011101000001101100000000000110001100000000000000000000000000000000
00000000000000000000000000000000000000000011100000011000000000110000011111111111111111110011101100001001100000000001100000110000000000000000000000000000000
00000000000000000000000000000000000000000011000000111000000000110010111110011100010111110011100100011001100000000001100000110000000000000000000000000000000
00000000000000000000000000000000000000000011000000111000000000110010111110011100000111100011100110010001100000000001100000110000000000000000000000000000000
00000000000000000000000000000000000000000011000001110000000000100000100000001000000001000011100010110001100000000000110001100000000000000000000000000000000
00000000000000000000000000000000000000000111111111000000000001110111000000001101100111000011100011100001100000000000011111000000000000000000000000000000000
00000000000000000000000000000000000000000000000000000000000000000000000000001000000000000111110001100111111000000000000000000000000000000000000000000000000
00000000000000000000000000000000000000000000000000000000000000000000000000011100010000000000000001000000000000000000000000000000000000000000000000000000000
00000000000000000000000000000000000000000000000000000000000000000000000000000000000000000000000000000000000000000000000000000000000000000000000000000000000
00000000000000000000000000000000000000000000000000000000000000000000000000000000000000000000000000000000000000000000000000000000000000000000000000000000000